3.37438
2.89726
3.37438
0.73589
3.37438
2.37438
3.37438
3.37438
3.37438
3.37438
3.37438
3.37438
3.37438
3.37438
3.37438
3.37438
3.37438
3.37438
3.37438
3.37438
3.37438
3.37438
3.37438
3.37438
3.37438
2.89726
3.37438
3.37438
3.37438
2.77232
3.37438
3.37438
3.37438
3.07335
3.37438
1.85587
3.37438
3.37438
2.89726
2.14393
3.37438
2.47129
2.52928
3.37438
3.37438
1.07119
3.37438
2.89726
3.37438
3.37438
3.37438
3.07335
3.37438
3.07335
3.07335
3.37438
3.37438
3.37438
2.22825
2.26044
3.37438
3.37438
2.89726
3.07335
3.37438
3.37438
3.37438
3.37438
3.37438
1.81808
3.37438
3.37438
3.37438
3.37438
3.37438
3.37438
3.07335
3.37438
3.37438
3.37438
3.37438
3.07335
2.2952
3.37438
2.89726
3.07335
3.37438
3.37438
3.37438
2.22825
3.37438
3.07335
2.47129
3.37438
3.37438
3.37438
3.37438
3.37438
2.89726
3.37438
3.37438
2.89726
3.37438
2.89726
3.07335
3.37438
3.37438
3.37438
3.37438
3.07335
3.37438
3.37438
3.37438
3.37438
2.89726
3.37438
3.37438
3.37438
2.77232
2.33299
3.37438
2.2952
3.37438
2.77232
3.07335
2.47129
2.89726
3.37438
3.37438
3.37438
2.89726
3.37438
3.37438
3.37438
3.37438
3.37438
3.37438
3.37438
3.07335
3.07335
3.37438
3.37438
1.91198
3.37438
2.77232
3.37438
3.37438
3.37438
3.37438
3.37438
3.37438
3.37438
3.37438
3.37438
3.37438
3.37438
3.07335
3.37438
1.94302
3.37438
3.37438
3.37438
3.37438
3.37438
2.77232
3.37438
2.11911
3.37438
3.37438
3.07335
3.37438
3.37438
3.37438
3.37438
3.37438
3.37438
3.37438
3.37438
2.77232
2.47129
3.37438
3.37438
3.37438
3.37438
3.37438
3.07335
2.37438
3.37438
2.59623
3.37438
1.67541
3.37438
3.37438
2.47129
3.37438
3.37438
3.37438
3.37438
3.37438
2.67541
3.37438
3.37438
1.68419
3.37438
3.37438
2.37438
3.37438
3.37438
3.37438
3.37438
1.80618
2.59623
3.37438
3.37438
3.37438
3.37438
3.37438
3.37438
3.37438
3.37438
3.37438
3.37438
3.37438
2.59623
3.37438
3.37438
3.37438
1.97644
3.37438
3.07335
3.37438
2.33299
3.37438
2.67541
2.47129
3.37438
3.07335
3.37438
3.37438
3.37438
1.88302
3.37438
3.37438
2.77232
1.78332
3.37438
1.41059
3.37438
3.37438
3.37438
3.37438
3.37438
3.37438
3.37438
3.37438
3.37438
2.52928
1.67541
3.37438
3.37438
3.37438
3.07335
3.37438
3.37438
2.59623
3.37438
3.37438
3.37438
3.37438
3.37438
3.07335
1.24405
3.37438
3.37438
3.37438
2.89726
3.37438
3.37438
3.37438
3.37438
3.37438
2.89726
3.37438
3.37438
3.37438
3.37438
3.37438
2.59623
2.89726
2.67541
2.22825
3.37438
3.07335
3.37438
3.37438
3.37438
1.59623
3.37438
3.37438
3.37438
3.37438
3.37438
3.37438
2.67541
3.07335
3.37438
3.37438
3.37438
2.89726
2.77232
3.37438
1.71162
1.80618
3.37438
3.37438
3.37438
3.37438
3.37438
3.37438
3.37438
2.77232
3.37438
3.37438
2.42014
3.37438
3.37438
3.37438
3.07335
1.4059
3.37438
3.37438
3.37438
3.37438
3.07335
3.37438
3.37438
1.86923
3.37438
1.73093
2.67541
1.83031
0.97126
3.37438
1.99417
3.37438
3.37438
1.57504
3.37438
3.07335
1.72117
2.47129
1.5682
3.37438
3.37438
3.37438
2.89726
3.37438
3.37438
3.37438
1.97644
2.77232
3.07335
2.42014
2.59623
3.07335
2.37438
2.42014
2.89726
3.37438
3.37438
3.37438
3.37438
1.26379
3.07335
3.07335
2.11911
3.07335
3.37438
0.82415
2.52928
2.47129
3.37438
3.37438
1.66681
3.37438
2.59623
3.37438
3.37438
2.42014
3.37438
3.37438
3.07335
3.37438
3.37438
3.07335
3.07335
2.89726
3.37438
3.37438
2.67541
2.37438
3.37438
3.37438
2.67541
3.37438
3.07335
3.37438
1.37438
1.91198
3.37438
2.59623
3.37438
3.37438
1.48229
2.89726
3.07335
3.07335
3.37438
3.37438
2.37438
3.37438
3.37438
1.88302
3.07335
2.33299
3.37438
2.33299
3.37438
3.07335
2.22825
1.37006
2.2952
3.37438
2.17026
2.89726
3.37438
3.37438
3.07335
2.42014
3.37438
2.89726
3.37438
3.37438
3.37438
3.37438
1.85587
2.52928
0.20766
3.37438
3.37438
3.37438
3.37438
3.37438
3.37438
3.37438
3.37438
3.37438
1.7946
3.37438
3.37438
2.14393
2.89726
3.37438
3.37438
3.37438
2.17026
2.59623
3.37438
3.37438
3.37438
3.37438
3.07335
3.37438
2.17026
3.37438
2.77232
3.37438
3.37438
3.37438
3.07335
3.37438
3.37438
3.37438
3.37438
1.67541
2.89726
3.37438
3.37438
2.11911
2.89726
1.77232
2.2952
3.07335
1.50515
2.89726
3.07335
3.37438
3.37438
2.89726
3.37438
3.37438
3.37438
3.37438
3.37438
3.37438
2.59623
3.37438
3.37438
2.89726
2.77232
2.37438
3.37438
2.67541
3.37438
3.37438
3.37438
3.37438
3.37438
3.37438
3.37438
2.59623
3.37438
3.07335
2.07335
3.37438
3.37438
1.85587
3.37438
3.37438
3.37438
3.37438
3.37438
3.37438
3.37438
2.77232
3.37438
3.37438
3.07335
2.59623
3.07335
3.37438
3.37438
3.37438
2.89726
3.37438
2.42014
3.37438
3.37438
3.37438
3.07335
1.2012
3.07335
2.77232
3.07335
3.37438
3.37438
3.37438
3.37438
2.77232
3.37438
2.01265
3.37438
3.37438
3.37438
3.37438
3.07335
1.4501
2.11911
2.77232
2.52928
3.37438
2.17026
3.37438
2.26044
2.89726
3.37438
3.37438
2.67541
3.07335
3.37438
2.42014
3.37438
3.37438
3.37438
3.37438
2.59623
3.37438
3.37438
3.37438
3.37438
1.81808
3.37438
3.37438
3.37438
3.37438
3.37438
3.37438
3.37438
3.37438
3.37438
3.37438
3.07335
2.77232
2.77232
3.37438
3.37438
3.37438
3.07335
3.37438
3.07335
3.37438
3.37438
2.89726
3.37438
3.37438
2.89726
3.37438
3.37438
2.89726
3.37438
3.37438
3.37438
3.37438
3.37438
3.37438
3.37438
3.37438
3.37438
1.91198
3.37438
1.42499
2.89726
3.37438
3.37438
1.7616
3.07335
3.37438
2.89726
1.92722
3.37438
3.37438
3.37438
3.37438
2.77232
2.14393
2.77232
2.67541
1.63402
2.14393
2.89726
3.37438
2.89726
3.37438
3.07335
3.37438
3.37438
3.07335
3.37438
3.07335
3.37438
3.37438
0.70136
3.37438
3.07335
2.89726
3.37438
3.37438
3.07335
1.10254
1.83031
3.37438
3.37438
1.81808
3.37438
3.37438
2.77232
3.37438
3.07335
3.37438
2.37438
3.37438
2.89726
3.07335
2.17026
3.37438
3.37438
2.89726
3.37438
3.37438
2.2952
3.37438
3.37438
3.37438
3.37438
1.94302
3.37438
3.37438
3.37438
2.89726
3.37438
1.89726
3.37438
3.37438
3.37438
3.37438
3.37438
3.37438
3.07335
3.37438
3.37438
2.89726
2.59623
3.37438
3.37438
2.89726
3.37438
3.37438
3.37438
3.37438
3.37438
2.37438
1.88302
3.07335
3.07335
2.47129
3.37438
3.37438
3.37438
3.37438
1.85587
2.33299
3.37438
2.01265
3.37438
3.37438
2.77232
2.37438
2.2952
3.37438
3.37438
3.07335
2.17026
3.07335
3.37438
3.37438
3.37438
3.37438
3.07335
3.37438
3.37438
2.47129
3.37438
3.37438
3.37438
3.37438
2.22825
3.37438
3.37438
1.12887
2.22825
2.77232
3.07335
3.37438
2.89726
3.37438
2.47129
3.37438
3.37438
3.07335
3.37438
3.37438
3.37438
2.03196
3.37438
3.37438
3.37438
2.77232
2.47129
3.37438
2.89726
2.77232
3.07335
1.81808
3.37438
3.37438
2.47129
2.05216
3.07335
3.37438
3.37438
3.37438
3.37438
3.07335
2.89726
3.37438
3.07335
3.37438
2.89726
2.07335
3.37438
3.37438
3.37438
3.37438
3.37438
3.37438
3.37438
3.37438
3.37438
3.37438
3.37438
3.37438
3.37438
3.37438
1.41534
2.42014
3.37438
3.37438
2.52928
3.37438
3.37438
3.37438
3.37438
2.89726
3.37438
3.37438
3.37438
2.67541
3.37438
3.37438
3.37438
1.58199
2.77232
1.21905
3.37438
2.89726
3.37438
3.37438
3.37438
3.37438
2.67541
3.07335
3.37438
3.07335
2.2952
2.67541
3.37438
3.37438
2.89726
3.37438
3.37438
3.37438
3.37438
2.59623
3.07335
2.33299
3.37438
3.37438
3.37438
2.52928
3.37438
3.37438
2.77232
2.26044
2.37438
2.52928
3.37438
3.37438
2.89726
3.37438
3.07335
3.07335
2.77232
3.37438
3.07335
3.37438
1.34096
2.89726
3.07335
3.37438
3.37438
3.37438
3.37438
3.37438
3.07335
2.89726
3.37438
2.2952
3.37438
3.37438
3.37438
2.26044
3.07335
3.37438
3.37438
3.37438
3.37438
3.07335
3.37438
3.07335
3.37438
3.37438
3.37438
2.77232
3.37438
3.37438
3.37438
3.37438
3.37438
3.07335
3.37438
3.37438
3.37438
3.37438
3.37438
1.35319
3.07335
3.37438
3.37438
3.37438
2.14393
3.37438
2.09563
3.07335
3.07335
2.67541
3.37438
3.37438
3.07335
3.37438
3.37438
3.07335
1.20706
3.07335
3.07335
3.37438
3.37438
3.37438
3.37438
3.37438
2.89726
0.90603
2.89726
3.37438
3.37438
3.37438
3.37438
3.07335
3.37438
1.49932
2.77232
3.37438
3.37438
3.37438
3.37438
3.07335
3.37438
3.07335
3.37438
3.37438
3.07335
2.89726
2.42014
1.61095
3.37438
3.37438
3.37438
3.07335
2.33299
1.11193
2.67541
1.80618
3.37438
2.52928
2.42014
3.07335
3.07335
3.37438
2.2952
3.37438
2.77232
3.37438
2.07335
3.37438
3.07335
3.37438
3.07335
3.07335
3.07335
3.37438
1.86923
3.37438
3.37438
3.37438
3.37438
3.37438
2.89726
3.37438
1.33696
3.37438
3.37438
2.67541
3.37438
3.37438
3.37438
3.37438
3.37438
2.89726
3.37438
3.37438
2.77232
2.17026
3.07335
2.19829
3.37438
2.01265
3.37438
3.37438
3.37438
3.37438
3.37438
3.37438
3.37438
1.89726
3.37438
3.37438
2.89726
3.37438
2.19829
3.37438
3.37438
2.89726
3.37438
2.05216
2.89726
3.37438
2.89726
3.37438
3.37438
3.37438
3.37438
3.37438
3.37438
2.77232
3.07335
1.92722
2.59623
2.67541
3.37438
1.81808
2.89726
3.37438
2.77232
3.37438
3.37438
3.37438
3.07335
3.37438
3.37438
3.37438
1.17848
3.37438
3.37438
3.37438
3.37438
3.37438
3.37438
3.37438
1.85587
3.37438
1.94302
2.01265
2.77232
3.37438
2.59623
3.37438
3.37438
3.37438
3.37438
3.37438
1.70228
3.37438
3.07335
3.37438
3.07335
3.37438
2.07335
3.37438
2.52928
3.07335
3.37438
3.37438
2.59623
3.07335
2.77232
3.37438
1.62619
1.97644
2.37438
2.42014
2.67541
3.37438
3.37438
2.67541
2.42014
2.03196
1.5682
3.37438
3.07335
3.37438
2.67541
1.39666
3.37438
2.67541
3.37438
2.89726
3.37438
1.43486
3.07335
1.77232
3.37438
1.43988
1.21905
3.37438
0.93822
3.37438
3.37438
2.77232
3.07335
2.33299
3.37438
3.37438
1.95941
1.77232
3.37438
3.37438
3.37438
3.37438
2.52928
2.77232
2.89726
0.84036
3.37438
3.37438
3.37438
3.07335
2.42014
3.07335
3.37438
2.89726
1.25381
3.37438
1.73093
3.07335
3.37438
3.37438
2.89726
3.37438
3.07335
2.89726
3.37438
3.37438
2.42014
1.68419
3.37438
3.07335
3.37438
3.37438
3.07335
3.07335
3.37438
3.07335
3.37438
3.37438
1.73093
2.89726
2.37438
2.89726
3.37438
1.94302
3.37438
1.97644
3.07335
1.66681
3.37438
1.65838
3.37438
3.37438
2.26044
3.07335
3.07335
3.37438
3.37438
3.37438
2.89726
1.63402
0.9319
3.37438
3.37438
3.37438
2.77232
2.47129
3.37438
3.07335
3.37438
3.37438
3.37438
3.37438
2.47129
3.37438
3.37438
2.33299
3.37438
3.07335
1.94302
3.37438
3.37438
2.89726
3.37438
3.37438
3.37438
3.37438
3.07335
1.75113
3.37438
3.37438
3.37438
3.37438
3.37438
3.37438
2.59623
3.07335
3.37438
3.37438
2.47129
3.37438
3.37438
2.89726
3.37438
3.37438
3.37438
3.37438
3.37438
3.07335
3.37438
3.37438
3.07335
1.41534
3.37438
3.37438
3.37438
3.37438
3.37438
3.37438
1.92722
2.77232
3.37438
3.37438
3.37438
2.89726
3.37438
3.37438
3.37438
2.33299
3.37438
3.37438
3.37438
3.37438
3.37438
2.03196
2.77232
3.37438
3.37438
3.37438
3.37438
3.37438
2.89726
2.67541
3.37438
3.37438
3.37438
3.37438
3.37438
2.67541
1.55484
1.51705
2.19829
3.37438
3.37438
3.37438
2.07335
3.37438
3.07335
1.64199
3.37438
3.37438
3.37438
3.37438
3.07335
3.37438
2.89726
3.37438
3.37438
2.89726
3.37438
3.37438
3.37438
3.37438
3.37438
3.37438
1.99417
1.85587
3.37438
3.07335
3.07335
2.37438
3.37438
3.07335
3.37438
3.37438
1.92722
2.52928
2.89726
3.37438
3.37438
3.07335
2.89726
3.37438
3.37438
3.37438
3.07335
3.37438
3.37438
3.37438
3.37438
1.22825
2.2952
3.37438
2.26044
2.52928
3.37438
1.32906
3.37438
3.37438
3.37438
3.37438
3.37438
3.37438
3.37438
3.37438
3.07335
3.37438
3.37438
3.37438
2.52928
1.1954
2.42014
3.37438
3.07335
3.07335
2.67541
2.89726
3.07335
3.07335
3.37438
2.22825
3.37438
3.37438
1.03993
2.89726
3.37438
1.94302
3.37438
2.05216
3.37438
1.7616
3.07335
3.37438
2.89726
1.34908
2.77232
3.37438
3.37438
3.37438
2.19829
2.77232
3.37438
2.77232
2.67541
3.37438
1.59623
3.37438
2.89726
3.07335
3.37438
2.77232
3.07335
3.37438
3.37438
3.37438
3.37438
2.77232
3.37438
3.37438
1.95941
2.67541
3.07335
3.37438
3.07335
2.67541
2.17026
2.52928
2.67541
0.94141
3.37438
3.37438
3.37438
3.37438
2.89726
3.37438
3.37438
3.37438
3.37438
1.21301
3.37438
3.37438
3.07335
2.67541
3.37438
3.37438
3.37438
3.37438
3.37438
3.37438
1.48229
3.37438
3.07335
1.80618
3.37438
3.37438
3.37438
2.89726
2.89726
3.37438
3.37438
2.67541
2.77232
3.07335
3.37438
3.37438
2.42014
3.37438
3.37438
3.37438
3.37438
2.47129
3.37438
2.77232
1.54831
3.37438
3.37438
3.37438
3.37438
2.89726
3.37438
2.89726
1.21301
3.37438
2.11911
2.42014
3.37438
3.37438
1.35319
3.37438
1.61851
1.94302
3.37438
3.37438
3.37438
3.37438
3.37438
3.07335
2.42014
3.37438
2.26044
3.37438
2.77232
3.37438
2.77232
3.07335
3.37438
3.37438
2.14393
2.77232
3.37438
3.07335
2.42014
3.37438
2.14393
2.89726
3.07335
2.52928
2.59623
2.42014
3.07335
3.37438
3.37438
3.37438
2.59623
3.07335
3.37438
2.2952
3.37438
3.37438
3.07335
2.26044
3.37438
1.61095
2.67541
3.07335
3.37438
3.37438
3.37438
0.75738
1.94302
3.07335
3.07335
3.37438
3.37438
3.37438
2.42014
2.37438
2.37438
3.37438
3.37438
2.09563
2.42014
2.89726
3.37438
1.38316
3.37438
3.37438
3.37438
3.37438
1.65011
2.89726
3.07335
3.07335
3.37438
3.07335
3.37438
3.37438
3.37438
3.37438
3.37438
2.67541
2.77232
3.37438
3.37438
3.37438
3.07335
2.77232
1.22209
3.37438
2.59623
2.67541
3.37438
3.37438
0.74192
3.37438
3.37438
2.89726
3.07335
2.89726
2.52928
3.37438
3.07335
3.37438
3.37438
3.37438
1.92722
2.52928
3.37438
3.37438
1.1167
3.37438
3.37438
3.37438
2.89726
2.11911
3.37438
3.37438
3.07335
3.37438
3.37438
3.37438
2.77232
3.37438
3.37438
3.37438
1.22516
3.37438
3.37438
3.07335
3.37438
2.05216
3.37438
3.37438
3.37438
3.37438
3.37438
2.37438
3.37438
2.59623
3.37438
3.37438
2.77232
3.37438
3.07335
3.07335
3.07335
3.37438
3.37438
2.77232
3.07335
1.4553
3.37438
2.77232
3.37438
3.37438
2.52928
3.37438
3.37438
3.37438
2.26044
2.33299
1.89726
3.37438
3.07335
3.37438
3.37438
2.52928
3.37438
2.47129
1.53553
3.37438
3.37438
2.67541
0.81687
3.37438
3.37438
2.59623
3.07335
3.37438
2.42014
2.52928
3.37438
3.07335
3.37438
2.47129
2.77232
3.37438
2.2952
3.37438
2.77232
2.89726
3.07335
3.37438
2.17026
3.37438
1.41059
2.77232
2.47129
3.37438
3.37438
3.37438
2.19829
3.37438
3.37438
3.07335
3.37438
3.37438
2.89726
2.77232
3.37438
2.77232
0.96445
3.07335
2.59623
3.37438
3.37438
3.37438
3.37438
2.52928
1.06051
2.42014
2.89726
0.71162
3.37438
3.37438
3.37438
3.07335
2.09563
2.77232
1.77232
3.07335
2.77232
2.26044
2.89726
2.22825
3.37438
3.07335
3.37438
1.04194
2.89726
2.77232
2.47129
3.37438
2.89726
2.89726
3.37438
3.37438
2.89726
3.37438
3.37438
2.89726
3.37438
3.37438
2.52928
3.37438
3.37438
3.37438
3.07335
3.07335
3.37438
1.95941
2.59623
3.07335
2.07335
3.37438
3.07335
3.37438
3.37438
3.37438
3.37438
3.37438
3.37438
2.22825
3.07335
2.77232
3.37438
3.37438
3.37438
3.37438
3.07335
3.37438
3.37438
3.37438
3.07335
3.37438
2.33299
3.37438
3.37438
3.37438
2.19829
2.52928
3.37438
3.37438
3.37438
3.37438
3.37438
2.67541
2.2952
3.37438
3.37438
1.07335
3.37438
3.07335
3.07335
2.42014
3.37438
3.37438
3.07335
3.07335
3.37438
3.07335
3.37438
3.37438
3.37438
3.07335
2.89726
3.37438
3.37438
3.37438
3.37438
3.37438
3.37438
3.37438
3.37438
3.37438
3.07335
3.07335
3.07335
2.89726
3.37438
3.37438
3.37438
3.07335
3.37438
3.37438
2.14393
2.89726
3.37438
3.37438
3.07335
3.37438
3.37438
2.67541
3.07335
2.47129
3.07335
2.89726
3.37438
2.37438
2.22825
3.37438
3.37438
3.37438
3.37438
2.89726
1.94302
2.77232
3.37438
1.61095
3.37438
0.77016
3.37438
3.07335
3.37438
3.37438
3.37438
3.37438
3.37438
3.07335
1.95941
3.07335
3.37438
3.37438
0.96614
3.37438
3.07335
3.37438
3.37438
3.37438
3.37438
3.37438
3.37438
3.37438
3.37438
3.37438
3.37438
1.7946
2.42014
2.33299
3.37438
3.37438
3.37438
3.37438
3.37438
3.37438
3.37438
3.37438
3.07335
2.77232
3.37438
3.07335
3.37438
3.37438
2.89726
3.37438
1.92722
3.37438
2.52928
3.07335
2.89726
2.19829
3.37438
3.37438
3.37438
3.37438
3.37438
3.37438
3.37438
3.37438
2.59623
3.37438
3.07335
3.37438
3.37438
2.19829
3.07335
3.37438
3.37438
2.89726
3.37438
3.37438
3.37438
3.37438
3.37438
2.77232
3.37438
3.37438
0.65011
3.37438
3.37438
3.37438
3.37438
3.37438
3.37438
3.07335
3.37438
2.59623
3.37438
3.37438
3.37438
3.37438
3.37438
3.07335
3.37438
2.89726
2.26044
2.77232
2.67541
3.37438
2.89726
3.37438
3.37438
1.18126
1.63402
1.26044
3.07335
2.59623
3.37438
3.07335
3.37438
3.37438
3.37438
1.97644
3.37438
3.37438
2.09563
1.59623
3.37438
3.37438
2.47129
2.52928
3.07335
3.37438
2.33299
3.37438
3.37438
2.67541
3.37438
3.37438
3.07335
3.37438
1.97644
3.37438
2.19829
3.37438
3.07335
2.17026
3.37438
3.37438
3.37438
2.59623
2.42014
2.05216
3.37438
3.37438
3.37438
2.77232
3.07335
3.37438
2.77232
3.37438
3.37438
2.89726
2.09563
2.47129
3.37438
3.37438
1.34908
3.37438
3.37438
2.77232
2.89726
2.47129
2.77232
3.37438
3.37438
2.47129
3.07335
2.42014
3.37438
3.37438
1.52312
3.07335
3.37438
2.67541
3.37438
3.37438
3.37438
3.37438
2.47129
3.37438
3.37438
3.37438
3.37438
2.67541
3.07335
3.37438
2.77232
3.37438
3.37438
3.37438
1.345
3.37438
2.89726
3.37438
3.37438
1.94302
1.35319
3.37438
3.37438
3.37438
3.37438
3.37438
3.37438
3.37438
2.77232
3.37438
3.37438
3.37438
3.37438
3.37438
3.37438
3.37438
3.37438
3.37438
2.89726
3.37438
3.37438
3.37438
3.37438
3.37438
3.37438
3.37438
3.07335
2.17026
0.03953
3.07335
3.37438
3.37438
1.72117
1.86923
3.37438
2.47129
2.89726
3.37438
3.37438
3.37438
3.07335
1.71162
3.37438
3.37438
3.07335
3.37438
2.89726
3.37438
3.07335
3.37438
3.37438
1.31748
3.37438
3.37438
2.89726
3.37438
2.89726
3.37438
3.37438
3.37438
3.37438
3.37438
3.07335
3.37438
2.89726
1.38316
1.97644
3.37438
0.88302
2.67541
1.2916
2.89726
3.37438
3.37438
3.07335
2.2952
3.37438
2.89726
2.59623
2.89726
3.37438
3.07335
3.37438
3.37438
3.37438
3.07335
1.51705
3.07335
2.89726
3.07335
3.07335
3.07335
3.37438
3.37438
2.59623
3.07335
3.37438
3.37438
3.37438
3.37438
3.37438
1.46057
2.77232
3.37438
2.67541
3.37438
3.37438
3.37438
3.37438
2.26044
3.37438
3.07335
3.37438
3.37438
3.37438
2.42014
3.07335
2.89726
3.37438
2.77232
2.67541
3.37438
3.37438
2.37438
3.07335
2.42014
2.09563
2.42014
3.37438
3.37438
3.37438
3.37438
3.37438
0.68954
3.37438
3.37438
3.37438
3.37438
2.77232
3.37438
3.37438
3.37438
3.07335
3.37438
3.37438
1.73093
3.37438
3.37438
3.37438
3.37438
3.07335
3.37438
1.23766
3.37438
3.37438
3.37438
3.37438
3.37438
1.7946
2.89726
2.67541
3.37438
3.37438
3.37438
2.67541
3.37438
2.89726
3.37438
3.37438
3.37438
3.37438
2.89726
3.37438
2.67541
3.37438
3.37438
2.2952
3.37438
3.37438
3.37438
3.07335
3.37438
3.07335
3.37438
3.37438
3.07335
3.37438
2.52928
2.52928
3.37438
2.77232
3.37438
2.22825
3.37438
2.22825
3.37438
1.85587
3.37438
3.37438
3.37438
3.37438
3.37438
3.37438
3.37438
3.37438
3.37438
3.07335
3.37438
2.89726
3.37438
3.37438
3.37438
3.07335
2.89726
3.37438
3.37438
1.92722
3.37438
2.89726
2.89726
3.37438
3.37438
3.37438
3.37438
3.37438
3.37438
3.37438
3.37438
3.37438
1.86923
3.37438
3.37438
3.37438
3.37438
3.37438
3.37438
3.37438
2.17026
3.37438
3.37438
3.37438
2.33299
3.07335
1.60353
3.37438
2.59623
3.37438
3.37438
3.37438
3.37438
3.37438
2.52928
2.47129
2.52928
2.89726
3.07335
3.07335
1.51705
3.07335
3.37438
3.37438
3.07335
2.17026
2.52928
2.59623
3.37438
2.67541
3.37438
3.07335
1.13634
2.26044
1.345
1.99417
3.37438
2.77232
3.37438
2.89726
2.89726
3.37438
3.37438
3.07335
2.33299
3.37438
3.37438
2.89726
3.37438
3.37438
3.37438
3.37438
3.37438
2.03196
3.07335
1.31368
2.89726
3.37438
3.37438
2.67541
1.66681
3.37438
3.37438
3.37438
3.37438
3.37438
3.37438
1.50515
1.38761
2.77232
3.37438
3.07335
3.07335
1.48229
1.92722
3.07335
3.37438
2.77232
2.2952
1.00703
3.37438
3.07335
3.07335
3.37438
3.07335
2.77232
3.37438
3.37438
0.92568
3.37438
2.77232
3.37438
3.07335
2.67541
3.37438
2.42014
3.37438
3.37438
2.67541
3.07335
1.83031
3.37438
3.37438
3.07335
1.85587
3.37438
3.37438
2.89726
3.37438
3.37438
3.07335
1.02027
3.37438
3.37438
3.37438
3.37438
3.07335
3.37438
2.52928
2.42014
1.47675
2.89726
3.37438
1.73093
3.37438
2.77232
3.37438
3.07335
2.05216
3.37438
2.77232
2.37438
2.77232
2.89726
2.07335
2.42014
3.37438
3.37438
3.37438
1.14393
0.22301
3.37438
3.37438
2.77232
3.37438
2.59623
3.37438
3.37438
2.59623
2.77232
3.07335
3.37438
2.67541
2.52928
2.59623
2.03196
3.37438
1.89726
2.42014
3.07335
3.37438
3.07335
3.37438
3.37438
2.09563
3.37438
3.37438
3.37438
2.89726
2.77232
3.37438
3.37438
3.37438
3.37438
3.37438
2.89726
2.77232
2.89726
3.37438
3.07335
3.37438
3.37438
3.37438
3.37438
3.37438
3.37438
3.37438
3.37438
3.07335
3.07335
3.37438
3.37438
2.42014
3.07335
3.37438
3.37438
3.37438
3.37438
3.37438
3.37438
2.03196
3.37438
3.37438
2.77232
2.37438
3.37438
3.37438
0.84934
3.37438
2.22825
2.89726
1.08213
3.37438
3.37438
3.37438
3.37438
3.37438
3.37438
3.37438
2.52928
3.37438
3.37438
3.37438
3.37438
2.59623
3.37438
3.37438
3.37438
3.37438
3.37438
2.77232
3.07335
2.77232
1.70228
2.37438
3.37438
3.37438
3.37438
3.37438
3.37438
2.17026
3.37438
3.37438
3.37438
0.82415
2.67541
3.07335
3.37438
3.37438
3.37438
3.37438
3.37438
3.37438
3.37438
3.37438
1.92722
3.37438
3.37438
3.07335
1.36578
2.52928
3.37438
3.07335
3.37438
3.37438
3.37438
3.37438
3.07335
3.37438
3.37438
3.37438
3.37438
3.37438
2.59623
3.37438
3.37438
2.89726
3.37438
3.07335
2.77232
3.37438
2.26044
3.07335
3.07335
3.37438
3.37438
3.37438
3.37438
3.07335
3.07335
3.37438
3.37438
3.37438
3.37438
3.37438
2.77232
1.97644
3.37438
3.37438
2.77232
3.37438
3.37438
3.37438
3.37438
3.37438
3.37438
3.37438
3.07335
1.85587
3.37438
3.37438
3.37438
1.83031
3.37438
3.37438
3.37438
1.48789
3.37438
2.67541
3.37438
3.07335
3.37438
3.37438
2.09563
3.37438
2.26044
3.37438
3.37438
3.37438
1.2952
2.07335
1.35735
3.37438
3.07335
1.34908
3.37438
3.37438
3.37438
3.37438
3.37438
3.37438
3.37438
3.07335
2.33299
2.37438
3.37438
3.37438
3.07335
3.37438
3.37438
3.07335
3.07335
3.37438
3.07335
3.07335
3.37438
3.37438
1.34096
1.52312
3.37438
1.92722
3.37438
3.37438
3.37438
1.12887
1.91198
3.37438
3.37438
3.37438
3.37438
3.37438
3.37438
3.37438
2.33299
2.77232
3.37438
3.37438
1.06689
3.37438
3.37438
2.33299
3.07335
3.37438
2.09563
3.37438
3.07335
3.07335
3.37438
2.89726
3.37438
2.77232
3.37438
3.37438
2.77232
3.37438
0.68065
3.37438
3.37438
3.37438
3.37438
3.37438
3.37438
1.57504
3.37438
1.13383
3.37438
1.91198
3.37438
1.65838
3.37438
3.37438
3.37438
3.37438
3.37438
2.52928
2.42014
3.37438
3.37438
2.2952
3.37438
3.37438
1.70228
3.37438
1.97644
3.07335
1.64199
2.59623
3.37438
1.56147
3.37438
2.89726
3.07335
3.37438
3.37438
1.03593
2.89726
3.37438
2.89726
3.37438
3.37438
3.37438
3.07335
2.89726
3.37438
3.37438
2.77232
2.89726
3.37438
3.37438
3.37438
2.89726
3.37438
2.67541
1.80618
3.37438
3.37438
3.37438
2.67541
3.37438
3.37438
3.37438
3.37438
2.89726
2.22825
3.37438
2.89726
2.77232
3.37438
3.37438
3.37438
3.37438
3.37438
2.59623
3.37438
3.37438
1.94302
2.11911
1.42499
3.37438
3.37438
3.37438
2.47129
2.89726
2.11911
3.37438
3.37438
2.77232
2.67541
3.07335
3.37438
3.37438
2.26044
3.37438
1.92722
1.35735
3.37438
2.03196
3.37438
3.07335
3.37438
3.37438
3.37438
3.37438
3.37438
2.89726
3.37438
3.37438
3.37438
3.37438
3.37438
3.37438
2.67541
3.37438
3.37438
1.7616
3.37438
3.37438
2.47129
3.37438
3.37438
3.37438
3.07335
3.37438
2.67541
3.37438
2.47129
3.37438
3.07335
1.046
3.37438
3.37438
3.37438
3.07335
3.37438
2.33299
3.37438
3.37438
3.37438
3.07335
2.89726
1.66681
1.14139
2.42014
1.92722
3.37438
3.37438
3.37438
3.37438
3.37438
3.07335
2.17026
2.77232
3.37438
3.37438
3.07335
3.07335
3.37438
3.37438
2.05216
3.37438
3.37438
3.37438
1.73093
3.37438
3.37438
3.37438
0.75738
2.67541
3.37438
2.89726
3.37438
3.37438
2.89726
1.08882
2.89726
3.37438
3.37438
2.59623
3.37438
2.03196
3.37438
3.37438
3.37438
3.37438
3.37438
3.37438
3.37438
3.37438
3.37438
3.37438
3.37438
3.37438
3.37438
3.37438
3.37438
3.37438
2.89726
3.37438
3.37438
3.37438
3.37438
3.37438
3.07335
3.37438
1.53553
3.37438
0.80035
3.37438
3.37438
3.37438
3.37438
3.37438
3.37438
3.37438
3.37438
3.07335
3.37438
3.37438
3.37438
3.37438
3.37438
3.37438
3.37438
3.37438
3.37438
3.37438
3.07335
3.07335
3.07335
3.37438
3.37438
3.37438
0.8205
3.07335
3.37438
1.34908
3.37438
3.07335
3.37438
2.59623
3.37438
2.59623
1.91198
3.07335
3.37438
2.77232
1.7946
2.42014
3.37438
3.37438
3.37438
3.37438
2.14393
3.37438
3.37438
1.91198
2.42014
3.37438
2.37438
2.89726
3.07335
2.01265
3.37438
3.37438
3.07335
3.37438
3.07335
2.17026
3.37438
3.37438
2.19829
3.07335
3.37438
3.37438
3.37438
3.37438
3.07335
2.52928
2.77232
3.37438
3.37438
3.37438
3.37438
3.37438
3.37438
3.37438
3.37438
2.89726
3.37438
3.37438
3.37438
3.37438
2.77232
3.37438
1.69314
0.78555
3.37438
3.37438
3.07335
3.37438
3.37438
3.37438
3.37438
3.07335
3.37438
3.37438
3.37438
3.37438
3.37438
3.37438
3.37438
3.37438
3.37438
2.77232
1.94302
3.37438
3.37438
3.07335
2.89726
3.37438
2.26044
3.07335
3.07335
3.37438
3.37438
3.37438
3.37438
3.37438
2.89726
3.37438
3.37438
2.52928
3.07335
3.37438
2.77232
1.81808
3.37438
3.37438
1.3025
3.07335
2.19829
3.37438
1.97644
3.07335
3.37438
1.55484
3.37438
2.77232
3.37438
3.37438
3.37438
3.37438
2.42014
3.37438
3.37438
3.37438
2.89726
3.37438
3.37438
1.16219
3.07335
3.37438
3.37438
3.37438
3.37438
2.2952
2.89726
3.37438
3.37438
2.89726
3.37438
3.37438
3.37438
3.37438
3.37438
2.2952
3.37438
3.37438
3.37438
3.37438
3.07335
3.37438
1.14393
2.05216
3.37438
3.37438
3.37438
3.37438
3.07335
3.37438
0.95608
3.37438
2.89726
3.37438
3.37438
3.37438
3.37438
3.37438
3.37438
3.37438
3.37438
3.37438
3.37438
3.37438
3.37438
3.37438
3.37438
3.37438
3.37438
0.46057
2.07335
3.37438
3.37438
2.52928
3.37438
3.37438
1.29883
3.37438
3.37438
3.07335
2.77232
3.37438
2.77232
3.07335
2.77232
3.37438
3.37438
3.37438
2.22825
3.07335
3.37438
2.59623
1.97644
1.11193
3.37438
3.37438
3.37438
3.37438
3.37438
1.88302
3.37438
3.07335
2.01265
3.37438
2.47129
2.37438
3.37438
3.37438
3.37438
2.77232
2.26044
1.97644
1.3213
3.37438
3.37438
3.37438
3.37438
3.37438
3.07335
3.07335
3.07335
3.07335
3.37438
3.07335
3.37438
1.37438
3.37438
3.37438
3.07335
3.37438
3.37438
3.37438
3.37438
2.59623
2.77232
3.37438
2.89726
3.37438
3.37438
3.37438
3.37438
2.89726
1.04397
3.07335
3.07335
3.07335
3.07335
3.37438
3.37438
2.52928
2.89726
3.37438
3.37438
3.37438
3.37438
1.72117
3.07335
3.37438
1.68419
1.21905
3.07335
3.37438
3.37438
2.42014
2.89726
2.89726
3.37438
1.52312
3.07335
3.37438
2.17026
3.37438
3.37438
2.77232
3.37438
3.37438
2.33299
2.77232
2.22825
3.37438
2.89726
0.7745
3.37438
3.37438
2.37438
1.70228
3.37438
3.37438
3.37438
3.07335
3.37438
3.37438
2.05216
3.37438
1.7946
0.66005
2.26044
3.37438
2.26044
3.37438
3.07335
3.07335
3.37438
0.2952
3.37438
3.37438
3.37438
3.37438
3.37438
3.37438
3.37438
2.89726
2.14393
3.37438
2.77232
3.37438
3.37438
3.37438
3.37438
3.37438
3.37438
3.37438
3.07335
2.07335
2.89726
1.62619
3.37438
3.07335
2.07335
3.37438
3.37438
3.37438
3.37438
2.77232
3.37438
3.37438
2.59623
3.07335
1.70228
3.37438
3.07335
2.22825
3.07335
3.07335
3.37438
3.37438
2.42014
3.37438
3.37438
2.77232
3.07335
2.67541
3.37438
3.37438
3.37438
3.37438
3.07335
3.37438
3.07335
3.07335
3.07335
3.37438
3.37438
3.37438
1.25381
3.37438
2.2952
3.37438
3.07335
3.37438
2.77232
3.37438
3.07335
3.37438
3.07335
3.37438
3.37438
3.37438
3.37438
3.37438
1.54831
2.07335
2.89726
2.52928
3.07335
2.77232
3.37438
1.70228
3.37438
3.37438
3.37438
3.37438
3.07335
2.67541
3.07335
3.37438
3.37438
2.77232
3.07335
3.37438
3.37438
2.77232
3.07335
3.37438
2.77232
3.37438
3.37438
3.37438
3.37438
3.37438
3.37438
3.37438
3.37438
3.07335
2.26044
3.37438
3.07335
3.07335
1.35735
3.37438
2.37438
3.37438
2.89726
3.07335
1.56147
3.37438
2.22825
1.61851
1.64199
3.37438
3.37438
3.37438
3.37438
3.37438
1.70228
2.77232
3.37438
3.07335
3.37438
3.37438
2.77232
3.37438
2.59623
3.37438
3.07335
3.07335
3.37438
3.37438
2.47129
3.37438
3.07335
3.37438
3.37438
3.37438
0.54251
3.37438
3.37438
3.07335
3.37438
3.37438
3.07335
3.37438
3.37438
3.37438
3.37438
2.67541
3.37438
2.26044
3.37438
3.37438
3.37438
3.37438
3.37438
3.37438
3.37438
2.22825
3.37438
1.00889
3.07335
3.37438
3.37438
3.37438
3.37438
3.07335
2.47129
3.37438
1.7616
2.67541
3.37438
3.07335
3.37438
0.65588
3.07335
3.37438
3.37438
3.37438
3.37438
3.37438
3.37438
3.37438
3.37438
3.37438
3.07335
3.37438
3.07335
1.38316
3.37438
2.89726
3.07335
3.37438
3.37438
3.37438
3.37438
3.37438
3.37438
3.37438
3.37438
2.42014
0.98522
3.37438
2.89726
2.67541
3.37438
2.59623
3.37438
1.75113
1.99417
2.67541
3.37438
2.07335
3.37438
3.37438
3.37438
3.37438
3.37438
2.77232
3.37438
1.88302
3.07335
2.77232
3.37438
2.89726
3.37438
3.37438
3.37438
3.37438
3.37438
3.37438
3.07335
3.37438
3.37438
3.07335
3.07335
3.37438
2.67541
2.42014
3.37438
3.37438
1.22516
2.59623
3.37438
2.77232
1.73093
3.37438
3.07335
3.37438
2.77232
2.77232
3.37438
2.33299
2.52928
1.89726
2.89726
1.97644
2.67541
2.67541
3.37438
3.07335
2.89726
3.37438
2.77232
3.07335
3.37438
2.89726
1.63402
3.07335
2.47129
2.77232
2.42014
3.07335
1.81808
3.07335
3.37438
1.71162
3.07335
2.67541
3.37438
3.37438
3.37438
3.37438
2.89726
2.77232
3.37438
1.27401
3.37438
2.77232
3.37438
3.37438
3.37438
3.37438
3.37438
2.14393
3.37438
3.37438
3.37438
3.37438
2.19829
3.37438
2.59623
3.37438
3.07335
3.37438
3.07335
3.37438
3.07335
3.37438
3.37438
1.83031
3.37438
3.37438
3.37438
2.77232
2.05216
3.07335
3.37438
3.37438
3.37438
2.67541
3.37438
2.37438
1.3213
2.52928
2.2952
2.59623
3.37438
3.37438
3.37438
3.37438
2.59623
3.07335
3.37438
1.74091
3.37438
1.67541
3.37438
3.37438
3.37438
3.37438
3.37438
2.52928
2.89726
3.07335
2.67541
3.37438
1.62619
2.89726
3.37438
3.37438
3.37438
3.37438
2.89726
3.37438
3.37438
3.37438
3.07335
3.37438
2.22825
3.07335
3.07335
3.37438
2.22825
2.59623
3.37438
3.37438
3.37438
3.37438
3.37438
3.37438
2.52928
3.07335
3.07335
3.07335
3.37438
3.37438
1.4659
2.89726
2.47129
1.91198
3.37438
3.37438
2.47129
3.07335
3.37438
3.37438
3.37438
3.37438
1.65838
1.86923
3.37438
3.37438
2.89726
3.37438
3.37438
2.07335
2.67541
2.26044
3.37438
2.89726
1.38316
1.12887
3.37438
2.17026
3.37438
3.07335
3.37438
3.07335
3.37438
2.89726
3.37438
3.37438
3.37438
2.89726
2.89726
2.89726
2.42014
3.37438
3.37438
3.37438
3.37438
2.77232
3.07335
3.07335
3.37438
3.37438
3.37438
3.37438
3.37438
3.37438
3.37438
3.37438
3.37438
3.37438
3.37438
3.37438
0.76586
2.59623
3.37438
3.37438
3.37438
2.89726
0.83656
3.07335
2.77232
3.37438
3.37438
3.37438
3.37438
3.37438
3.07335
3.37438
1.97644
3.37438
3.37438
3.07335
3.37438
3.37438
3.37438
2.2952
3.37438
3.37438
3.07335
3.37438
2.89726
2.89726
3.37438
3.37438
3.37438
1.16487
3.37438
3.37438
3.37438
3.37438
2.37438
2.77232
2.89726
2.67541
2.89726
3.37438
1.64199
2.67541
2.67541
3.37438
3.37438
3.37438
3.37438
3.37438
3.37438
3.37438
1.75113
2.42014
3.37438
3.37438
3.37438
3.37438
1.7616
2.33299
3.37438
2.33299
3.07335
1.58199
3.37438
2.09563
3.37438
3.37438
3.37438
3.07335
2.17026
3.37438
3.07335
3.37438
3.37438
3.37438
3.37438
3.37438
3.37438
3.37438
3.07335
1.23766
3.37438
3.37438
3.37438
3.37438
3.37438
2.22825
1.86923
3.37438
3.37438
2.59623
1.70228
3.37438
3.37438
3.37438
3.37438
3.37438
2.59623
1.54831
2.52928
3.37438
2.77232
3.37438
3.37438
3.37438
3.07335
2.22825
2.77232
3.37438
0.74497
3.37438
2.67541
3.37438
2.77232
3.37438
3.37438
3.37438
3.37438
3.37438
3.07335
3.37438
2.07335
3.37438
3.37438
3.07335
3.37438
3.07335
2.67541
2.14393
3.37438
3.37438
3.37438
3.37438
3.37438
2.52928
3.07335
3.07335
3.37438
3.37438
2.67541
3.37438
3.37438
3.37438
3.37438
3.07335
2.33299
3.37438
3.37438
3.37438
2.67541
3.37438
2.01265
3.37438
2.89726
3.37438
3.37438
2.59623
3.37438
2.89726
3.37438
2.52928
3.37438
3.37438
3.37438
3.37438
2.89726
3.07335
3.37438
3.37438
2.67541
3.37438
2.37438
3.37438
3.37438
3.37438
2.89726
3.37438
3.37438
3.37438
3.37438
2.77232
3.37438
1.58199
1.89726
3.37438
2.42014
2.47129
3.37438
3.37438
3.37438
3.37438
3.37438
3.37438
3.37438
3.37438
3.37438
3.37438
3.37438
2.52928
3.37438
3.37438
1.1569
3.37438
3.37438
3.37438
2.52928
3.37438
3.37438
2.89726
3.07335
3.37438
3.37438
1.67541
2.59623
3.37438
2.77232
3.37438
3.37438
3.37438
3.37438
3.37438
3.37438
3.37438
3.37438
3.07335
3.37438
2.42014
2.89726
3.37438
2.67541
3.37438
3.37438
3.07335
3.37438
3.37438
3.37438
2.07335
3.37438
3.37438
2.2952
3.37438
1.22516
3.37438
3.37438
2.89726
2.33299
3.37438
3.37438
3.07335
3.37438
3.37438
3.37438
3.37438
2.33299
3.37438
3.07335
3.37438
3.37438
3.37438
2.89726
3.07335
3.37438
3.37438
2.89726
3.37438
3.37438
1.41534
2.2952
1.94302
2.47129
3.37438
2.77232
3.37438
3.07335
1.8429
3.07335
3.37438
3.37438
2.47129
1.83031
3.37438
3.37438
2.59623
3.37438
3.37438
3.37438
3.37438
3.37438
3.37438
2.33299
2.33299
3.37438
3.37438
3.37438
2.67541
3.37438
2.03196
3.37438
2.77232
2.26044
3.37438
3.37438
3.37438
1.70228
3.37438
2.2952
3.37438
3.37438
3.37438
3.37438
3.37438
3.07335
2.26044
3.37438
2.89726
1.97644
3.37438
3.37438
3.37438
3.07335
2.89726
3.37438
2.77232
3.37438
3.37438
3.37438
2.42014
2.77232
3.37438
3.37438
2.67541
3.07335
3.37438
2.59623
1.92722
2.52928
2.67541
3.37438
3.37438
3.37438
3.37438
3.37438
3.37438
3.37438
3.37438
3.37438
3.37438
3.37438
1.31748
3.07335
3.37438
2.67541
2.89726
1.20706
3.37438
3.07335
3.07335
3.37438
3.37438
3.37438
3.37438
3.37438
3.37438
3.07335
3.37438
3.37438
2.26044
3.37438
3.37438
3.37438
3.07335
1.58199
2.52928
3.37438
3.37438
2.47129
1.47129
3.07335
1.94302
3.37438
3.37438
0.71068
1.72117
3.37438
3.37438
2.26044
3.37438
3.37438
3.37438
3.07335
3.37438
1.51106
3.37438
3.37438
3.07335
3.37438
2.89726
3.37438
3.37438
2.77232
2.59623
2.77232
3.07335
3.37438
3.37438
2.59623
3.37438
3.07335
1.48789
3.07335
3.37438
3.37438
2.19829
3.37438
2.67541
3.37438
2.89726
2.33299
3.07335
1.03593
3.37438
3.37438
2.77232
3.37438
3.37438
3.37438
2.89726
3.37438
3.37438
2.67541
0.02666
3.37438
2.59623
3.37438
3.37438
3.07335
1.78332
3.37438
3.37438
3.37438
3.37438
3.37438
3.37438
3.37438
3.37438
3.37438
3.37438
2.77232
3.37438
3.37438
3.37438
3.37438
3.37438
3.37438
2.22825
3.37438
3.37438
3.37438
3.07335
3.37438
3.37438
2.77232
3.37438
1.08435
3.37438
3.37438
2.37438
3.07335
2.22825
3.37438
3.07335
2.89726
2.89726
3.37438
2.77232
3.37438
3.37438
3.07335
3.37438
3.37438
3.37438
2.11911
2.59623
2.67541
2.77232
2.19829
3.37438
3.37438
3.37438
3.37438
3.07335
3.37438
2.09563
3.37438
3.37438
3.07335
3.07335
3.37438
3.07335
2.26044
3.37438
3.07335
1.24084
2.77232
2.77232
3.37438
3.37438
2.67541
3.07335
3.07335
3.07335
1.86923
3.07335
1.80618
3.37438
3.37438
3.37438
3.37438
3.37438
2.59623
3.37438
3.37438
3.07335
1.10721
2.89726
3.37438
3.37438
2.89726
3.37438
3.37438
3.37438
3.37438
3.37438
3.37438
3.37438
2.67541
3.37438
3.37438
3.07335
3.37438
3.37438
3.37438
3.37438
3.37438
3.37438
3.07335
3.37438
3.37438
1.43988
3.37438
3.37438
3.37438
3.37438
1.81808
3.37438
2.77232
3.07335
3.37438
3.37438
2.47129
3.37438
3.37438
3.07335
3.37438
3.37438
2.67541
1.95941
2.89726
3.37438
3.37438
1.95941
3.37438
3.37438
2.59623
3.07335
2.67541
3.37438
3.37438
3.37438
2.05216
3.07335
3.37438
2.17026
3.37438
2.47129
3.37438
3.07335
3.37438
3.37438
3.37438
2.52928
3.37438
3.37438
3.37438
3.37438
3.37438
3.37438
3.37438
3.37438
1.49357
2.89726
2.2952
3.37438
3.37438
3.37438
3.37438
2.37438
3.37438
2.67541
3.37438
3.37438
1.54187
3.37438
3.37438
3.37438
3.37438
3.37438
3.07335
3.37438
3.07335
2.77232
3.37438
3.07335
0.67978
3.37438
3.07335
3.07335
2.77232
3.37438
2.17026
3.37438
3.37438
3.37438
2.89726
1.38761
3.37438
3.37438
3.37438
3.37438
3.37438
3.37438
3.37438
3.37438
2.52928
3.37438
2.77232
3.37438
2.67541
3.37438
2.03196
3.07335
3.37438
3.07335
1.71162
3.37438
1.72117
2.77232
3.37438
3.07335
3.37438
2.17026
3.37438
3.37438
3.37438
3.37438
3.37438
3.37438
3.37438
2.67541
3.37438
3.37438
3.37438
3.37438
3.07335
2.59623
2.17026
3.37438
3.37438
3.37438
3.37438
3.37438
3.37438
1.64199
3.37438
2.77232
3.37438
3.37438
3.07335
3.37438
3.07335
1.10487
2.2952
2.33299
2.37438
2.77232
2.59623
3.37438
3.37438
2.89726
2.77232
3.37438
3.37438
1.18686
3.37438
3.37438
3.37438
3.37438
2.77232
3.37438
2.11911
3.37438
3.37438
2.26044
1.92722
2.89726
3.37438
3.37438
2.77232
2.77232
3.37438
2.33299
3.07335
3.37438
3.07335
3.37438
3.37438
3.37438
3.37438
3.07335
3.37438
2.47129
3.37438
3.37438
2.89726
3.37438
2.59623
1.63402
3.37438
3.37438
3.07335
3.07335
2.22825
1.92722
2.42014
1.94302
3.07335
3.37438
1.81808
3.37438
3.37438
3.37438
3.37438
3.37438
1.89726
2.89726
3.37438
3.37438
3.37438
2.77232
2.47129
3.37438
3.07335
3.37438
3.37438
3.37438
2.26044
2.22825
2.47129
2.89726
2.67541
2.67541
1.23766
1.91198
1.29883
1.4299
3.37438
3.07335
3.07335
3.37438
2.2952
2.89726
2.33299
3.37438
2.77232
3.07335
3.37438
3.37438
1.10487
3.37438
3.07335
3.37438
3.37438
3.37438
3.37438
3.37438
3.37438
2.59623
2.77232
3.07335
3.37438
2.59623
3.37438
3.37438
3.37438
3.37438
3.07335
3.07335
2.89726
3.37438
3.37438
3.37438
2.42014
2.67541
1.38316
2.67541
3.37438
3.07335
3.37438
3.37438
2.52928
1.72117
1.27058
3.37438
3.37438
3.07335
3.07335
3.37438
3.37438
2.89726
3.37438
3.37438
3.07335
3.37438
3.37438
3.37438
3.37438
3.37438
3.37438
2.59623
2.47129
3.07335
3.37438
3.37438
1.27058
3.37438
2.67541
3.37438
1.89726
3.07335
3.37438
2.89726
3.07335
2.89726
3.37438
3.37438
3.07335
3.37438
0.71257
3.07335
3.37438
3.37438
3.37438
3.37438
3.37438
2.2952
3.37438
3.37438
3.07335
3.37438
2.22825
3.37438
3.37438
1.52928
3.37438
3.07335
3.37438
2.67541
3.37438
1.8429
3.37438
3.07335
3.37438
3.37438
3.37438
3.37438
3.37438
1.83031
2.52928
3.37438
2.26044
2.77232
2.77232
3.07335
3.37438
2.47129
2.89726
3.37438
2.77232
3.07335
1.70228
3.37438
3.37438
2.59623
3.37438
2.52928
3.37438
3.37438
3.37438
3.37438
1.55484
3.37438
3.37438
3.37438
3.37438
3.37438
3.37438
3.37438
3.37438
3.37438
3.37438
3.37438
1.25381
3.37438
3.37438
3.07335
3.07335
2.89726
2.89726
3.37438
3.37438
1.97644
2.59623
2.77232
0.96445
3.37438
3.37438
3.07335
3.37438
3.07335
3.37438
3.37438
3.37438
2.03196
3.37438
3.07335
2.77232
2.89726
3.37438
3.37438
2.59623
3.37438
3.37438
2.77232
2.89726
3.37438
3.37438
3.37438
2.89726
2.09563
2.77232
3.37438
3.37438
2.59623
3.07335
3.37438
3.07335
2.59623
2.77232
3.37438
3.37438
2.17026
3.37438
3.37438
1.4059
3.37438
3.37438
2.77232
3.37438
1.77232
3.37438
2.2952
3.37438
3.37438
3.07335
3.37438
3.37438
3.37438
2.01265
2.47129
3.37438
3.07335
1.85587
3.37438
1.89726
3.37438
3.37438
3.37438
3.37438
3.37438
2.42014
3.37438
2.77232
3.37438
2.77232
2.52928
2.77232
3.07335
3.07335
3.37438
2.14393
3.37438
2.89726
2.47129
2.67541
3.37438
3.37438
3.37438
3.37438
3.37438
1.51705
0.5841
3.37438
2.77232
2.89726
3.07335
2.89726
3.37438
3.37438
3.37438
3.37438
3.37438
3.37438
3.37438
3.37438
3.07335
1.70228
3.37438
1.94302
3.37438
2.47129
3.37438
3.37438
3.37438
3.37438
3.07335
3.37438
3.37438
2.67541
1.32906
3.07335
3.37438
3.37438
3.37438
3.37438
3.37438
3.37438
3.37438
3.37438
3.37438
3.07335
2.89726
2.67541
3.37438
2.67541
3.37438
3.37438
3.37438
2.77232
2.77232
3.37438
3.07335
3.37438
3.37438
3.07335
3.37438
3.37438
3.37438
3.37438
3.37438
1.44496
3.37438
3.37438
1.86923
3.07335
1.3213
3.37438
3.37438
3.37438
3.37438
3.37438
3.37438
3.37438
2.03196
1.89726
2.22825
3.37438
3.37438
3.37438
3.37438
3.37438
3.37438
3.37438
3.37438
3.07335
3.37438
3.37438
3.37438
2.11911
3.37438
3.37438
3.37438
0.74599
3.37438
3.37438
3.37438
2.77232
3.37438
2.77232
3.07335
3.37438
3.37438
3.37438
3.37438
3.07335
3.37438
3.37438
3.37438
3.37438
3.37438
3.37438
3.37438
3.37438
2.67541
3.37438
3.37438
3.37438
3.37438
3.37438
3.37438
2.67541
3.37438
2.09563
2.01265
3.07335
3.07335
3.37438
2.37438
3.37438
3.07335
3.37438
1.63402
2.77232
3.37438
3.37438
3.07335
3.07335
2.89726
3.07335
2.89726
2.42014
3.07335
3.37438
3.37438
3.37438
1.94302
3.37438
3.37438
2.89726
3.37438
2.89726
3.37438
3.37438
3.07335
0.63244
3.37438
3.37438
3.07335
3.37438
3.37438
3.07335
1.28448
2.05216
3.37438
2.77232
2.89726
3.37438
3.07335
3.37438
1.37006
3.37438
3.37438
2.77232
3.37438
3.37438
3.37438
2.89726
3.07335
3.07335
1.48229
2.52928
3.37438
3.37438
3.37438
3.37438
3.37438
3.07335
3.37438
3.37438
3.07335
2.67541
3.37438
2.37438
3.37438
3.37438
3.37438
2.67541
2.77232
3.37438
2.77232
3.37438
2.59623
2.67541
1.47675
2.52928
3.37438
2.14393
3.37438
3.37438
3.37438
2.77232
1.53553
2.89726
3.37438
2.77232
3.37438
3.37438
3.37438
3.37438
3.07335
3.07335
3.37438
3.37438
3.07335
3.37438
2.07335
3.37438
3.37438
3.37438
3.37438
2.89726
3.37438
2.67541
3.37438
3.37438
1.28096
3.37438
2.52928
3.37438
3.07335
3.37438
3.37438
2.89726
2.77232
2.89726
2.42014
3.07335
3.37438
2.67541
3.07335
3.07335
1.97644
2.52928
3.07335
3.37438
3.37438
0.84675
3.07335
3.37438
2.33299
3.07335
3.37438
3.07335
3.37438
3.37438
3.37438
3.37438
2.89726
2.67541
3.37438
3.37438
3.37438
3.37438
3.37438
3.37438
3.07335
3.37438
2.77232
3.37438
3.37438
3.37438
3.37438
3.37438
3.37438
3.37438
3.37438
3.37438
3.37438
3.37438
3.37438
3.37438
3.37438
1.99417
3.07335
2.42014
2.59623
3.37438
3.37438
3.37438
3.37438
3.37438
3.07335
3.07335
1.65011
0.0
2.03196
2.67541
1.97644
3.37438
3.37438
2.2952
3.37438
3.37438
3.37438
3.37438
3.37438
1.24084
3.37438
3.37438
3.37438
3.37438
3.37438
3.37438
2.42014
3.07335
2.59623
2.22825
2.59623
3.37438
3.37438
2.59623
3.07335
3.07335
2.11911
2.59623
3.37438
3.37438
3.37438
2.2952
3.37438
3.37438
3.37438
2.59623
3.37438
1.99417
2.89726
3.07335
3.37438
3.07335
3.37438
3.07335
3.37438
3.07335
3.37438
1.80618
3.37438
1.83031
3.37438
3.37438
2.33299
1.02608
3.37438
3.37438
3.07335
3.37438
3.37438
3.37438
3.37438
3.37438
3.07335
3.37438
2.22825
2.47129
3.37438
3.07335
3.37438
1.83031
3.37438
3.37438
3.07335
3.37438
3.37438
3.37438
3.37438
3.37438
2.52928
2.77232
2.19829
3.37438
3.37438
3.07335
2.77232
3.37438
2.89726
3.37438
0.96445
3.37438
2.67541
3.37438
3.37438
3.37438
3.37438
3.37438
2.77232
3.37438
1.71162
3.37438
3.37438
3.37438
2.89726
3.37438
3.37438
3.37438
3.37438
3.37438
3.37438
1.97644
3.37438
3.37438
0.43287
2.77232
3.07335
3.07335
1.19254
3.37438
3.37438
2.89726
3.37438
3.37438
1.80618
3.37438
3.37438
3.37438
3.37438
2.77232
2.03196
2.59623
3.37438
3.37438
2.67541
2.89726
3.37438
3.37438
3.07335
2.89726
2.89726
2.89726
3.37438
3.37438
2.67541
3.37438
3.37438
2.59623
3.37438
3.37438
3.37438
3.37438
3.37438
1.69314
2.77232
3.07335
3.37438
3.37438
3.37438
3.37438
2.67541
3.37438
3.37438
3.37438
3.37438
3.07335
3.07335
2.89726
1.55484
1.07335
3.37438
3.37438
3.37438
3.37438
1.83031
3.37438
3.37438
2.89726
2.67541
3.37438
3.37438
2.59623
2.59623
2.77232
2.67541
3.37438
3.37438
3.37438
3.37438
3.37438
2.77232
3.07335
3.37438
3.37438
3.37438
3.37438
3.37438
3.07335
2.89726
3.07335
3.37438
2.67541
3.37438
2.89726
3.37438
3.37438
2.89726
2.09563
3.07335
3.37438
3.37438
3.37438
3.37438
3.37438
3.07335
2.09563
3.37438
3.37438
3.37438
1.85587
3.37438
3.37438
3.37438
3.37438
3.37438
3.37438
3.07335
3.37438
3.37438
3.37438
3.37438
3.37438
1.04397
3.37438
1.99417
2.42014
3.37438
3.37438
3.37438
2.67541
3.37438
3.37438
3.37438
2.09563
3.07335
3.07335
3.37438
1.7616
2.89726
2.89726
3.37438
2.77232
3.37438
1.16756
3.37438
3.37438
3.37438
3.37438
2.77232
3.37438
0.6534
3.37438
3.07335
2.77232
3.37438
2.52928
3.37438
3.37438
3.37438
1.73093
2.52928
2.52928
3.37438
3.37438
3.37438
3.37438
3.37438
2.52928
3.37438
3.37438
3.37438
3.37438
3.37438
3.37438
2.89726
2.37438
2.26044
3.37438
3.37438
2.37438
1.66681
3.37438
3.37438
3.37438
3.37438
1.99417
2.67541
2.37438
2.67541
3.37438
2.52928
2.52928
3.37438
3.37438
3.37438
3.37438
3.37438
3.07335
3.37438
2.77232
3.37438
2.77232
3.37438
1.71162
3.37438
3.37438
3.37438
3.37438
2.59623
3.37438
3.37438
1.65838
3.37438
2.89726
2.89726
3.37438
2.17026
3.37438
3.37438
3.37438
3.07335
2.33299
3.37438
3.37438
2.14393
2.11911
2.17026
3.37438
3.37438
1.21905
2.89726
3.07335
3.37438
3.37438
3.37438
2.77232
3.07335
3.37438
3.37438
1.99417
1.36154
3.07335
3.07335
3.07335
3.37438
3.37438
3.37438
3.07335
3.37438
2.67541
3.37438
3.37438
2.03196
2.59623
2.89726
3.37438
3.37438
3.37438
2.26044
3.37438
3.37438
2.89726
3.37438
3.37438
3.37438
3.37438
2.19829
3.07335
2.59623
2.42014
1.83031
3.37438
2.22825
2.77232
3.37438
2.47129
1.62619
2.47129
2.89726
3.37438
2.05216
3.07335
3.37438
3.37438
3.37438
3.37438
3.37438
3.37438
3.07335
3.07335
3.37438
2.52928
3.37438
3.37438
3.37438
2.01265
1.38316
2.2952
3.37438
3.37438
3.37438
3.37438
2.89726
3.07335
3.07335
3.37438
1.24084
1.30992
3.37438
3.37438
3.07335
3.37438
3.07335
1.12641
3.37438
2.33299
3.37438
3.37438
2.33299
3.37438
3.37438
3.37438
3.37438
3.37438
3.07335
3.37438
3.37438
3.37438
3.37438
3.37438
3.37438
3.37438
3.07335
2.89726
3.37438
3.07335
3.07335
2.09563
3.07335
3.07335
3.37438
2.67541
3.37438
2.67541
3.37438
1.95941
2.52928
3.37438
3.37438
2.52928
3.07335
3.37438
3.07335
3.07335
1.66681
2.52928
3.07335
3.37438
1.2345
1.97644
2.59623
3.37438
3.37438
0.76479
3.37438
2.26044
3.37438
3.37438
3.37438
3.37438
3.37438
2.2952
3.37438
3.37438
3.07335
3.37438
2.19829
3.37438
3.37438
3.37438
3.37438
3.37438
3.37438
2.67541
3.37438
1.69314
2.89726
3.07335
3.37438
3.37438
3.37438
3.37438
2.77232
3.37438
3.37438
3.07335
3.37438
2.89726
3.37438
3.37438
1.91198
3.37438
2.77232
3.37438
3.37438
3.37438
3.37438
3.37438
2.59623
3.07335
3.37438
3.37438
3.37438
3.07335
3.37438
3.37438
2.19829
2.77232
3.37438
3.37438
3.37438
3.37438
2.42014
3.37438
2.47129
3.37438
3.37438
3.37438
2.67541
3.37438
3.37438
2.67541
3.37438
3.07335
2.37438
3.37438
2.67541
3.37438
3.07335
1.7616
3.37438
3.37438
2.59623
2.67541
3.37438
3.37438
3.37438
3.37438
3.37438
3.07335
3.37438
3.37438
3.37438
3.37438
3.37438
3.07335
3.37438
1.7946
3.37438
3.37438
3.37438
3.37438
3.37438
1.25381
3.37438
3.37438
3.37438
3.37438
3.37438
3.37438
3.37438
3.37438
3.37438
2.67541
3.37438
3.37438
3.37438
3.37438
3.07335
3.37438
